8 #edges tree 0
1,2
1,3
1,4
2,5
2,6
2,7
5,8
0,1
8 #edges tree 1
0,1
1,2
1,3
1,4
1,5
1,6
1,7
1,8
8 #edges tree 2
0,1
1,2
1,4
1,5
1,6
1,7
1,8
2,3
8 #edges tree 3
0,1
1,2
1,3
1,4
1,6
1,7
1,8
2,5
8 #edges tree 4
0,1
1,2
1,3
1,4
1,5
1,6
1,7
2,8
8 #edges tree 5
0,1
1,2
1,4
1,6
1,7
1,8
2,3
2,5
8 #edges tree 6
0,1
1,2
1,4
1,5
1,6
1,7
1,8
5,3
8 #edges tree 7
0,1
1,2
1,3
1,4
1,6
1,7
2,5
2,8
8 #edges tree 8
0,1
1,2
1,3
1,4
1,5
1,6
1,7
5,8
8 #edges tree 9
0,1
1,2
1,4
1,6
1,7
2,3
2,5
2,8
8 #edges tree 10
0,1
1,2
1,4
1,6
1,7
1,8
2,5
5,3
8 #edges tree 11
0,1
1,2
1,4
1,5
1,6
1,7
1,8
8,3
8 #edges tree 12
0,1
1,2
1,4
1,6
1,8
2,3
2,5
2,7
8 #edges tree 13
0,1
1,2
1,4
1,6
1,7
2,5
2,8
5,3
8 #edges tree 14
0,1
1,2
1,4
1,6
1,7
2,3
2,5
5,8
8 #edges tree 15
0,1
1,2
1,3
1,4
1,6
1,7
2,5
5,8
8 #edges tree 16
0,1
1,2
1,4
1,6
2,3
2,5
2,7
2,8
8 #edges tree 17
0,1
1,2
1,4
1,6
1,8
2,3
2,5
5,7
8 #edges tree 18
0,1
1,2
1,4
1,6
1,7
2,5
2,8
8,3
8 #edges tree 19
0,1
1,2
1,4
1,6
1,7
2,5
5,3
5,8
8 #edges tree 20
0,1
1,2
1,4
1,6
1,8
2,5
2,7
5,3
8 #edges tree 21
0,1
1,2
1,4
1,6
2,3
2,5
2,7
5,8
8 #edges tree 22
0,1
1,2
1,4
1,6
1,8
2,3
2,5
8,7
8 #edges tree 23
0,1
1,2
1,4
1,6
2,3
2,5
2,8
5,7
8 #edges tree 24
0,1
1,2
1,4
1,6
1,7
2,5
5,8
8,3
8 #edges tree 25
0,1
1,2
1,4
1,6
1,8
2,5
2,7
8,3
8 #edges tree 26
0,1
1,2
1,4
1,6
1,8
2,5
5,3
5,7
8 #edges tree 27
0,1
1,2
1,4
1,6
2,5
2,7
2,8
5,3
8 #edges tree 28
0,1
1,2
1,4
1,6
2,3
2,5
2,8
8,7
8 #edges tree 29
0,1
1,2
1,4
1,6
1,7
1,8
2,5
8,3
8 #edges tree 30
0,1
1,2
1,4
1,6
1,8
2,5
5,7
8,3
8 #edges tree 31
0,1
1,2
1,4
1,6
1,8
2,5
5,3
8,7
8 #edges tree 32
0,1
1,2
1,4
1,6
2,5
2,7
2,8
8,3
8 #edges tree 33
0,1
1,2
1,4
1,6
2,5
2,7
5,3
5,8
8 #edges tree 34
0,1
1,2
1,4
1,6
2,5
2,8
5,3
5,7
8 #edges tree 35
0,1
1,2
1,4
1,6
2,3
2,5
5,7
5,8
8 #edges tree 36
0,1
1,2
1,4
1,6
1,8
2,5
8,3
8,7
8 #edges tree 37
0,1
1,2
1,4
1,6
2,5
2,7
5,8
8,3
8 #edges tree 38
0,1
1,2
1,4
1,6
2,5
2,8
5,7
8,3
8 #edges tree 39
0,1
1,2
1,4
1,6
2,5
2,8
5,3
8,7
8 #edges tree 40
0,1
1,2
1,4
1,6
2,5
5,3
5,7
5,8
8 #edges tree 41
0,1
1,2
1,4
1,6
2,3
2,5
5,8
8,7
8 #edges tree 42
0,1
1,2
1,4
1,6
2,5
2,8
8,3
8,7
8 #edges tree 43
0,1
1,2
1,4
1,7
1,8
2,3
2,5
2,6
8 #edges tree 44
0,1
1,2
1,4
1,6
2,5
5,3
5,8
8,7
8 #edges tree 45
0,1
1,2
1,4
1,6
2,5
5,7
5,8
8,3
8 #edges tree 46
0,1
1,2
1,3
1,4
1,6
1,8
2,5
2,7
8 #edges tree 47
0,1
1,2
1,4
1,7
1,8
2,5
2,6
5,3
8 #edges tree 48
0,1
1,2
1,4
1,7
1,8
2,3
2,5
5,6
8 #edges tree 49
0,1
1,2
1,4
1,6
2,5
5,8
8,3
8,7
8 #edges tree 50
0,1
1,2
1,3
1,4
1,6
2,5
2,7
2,8
8 #edges tree 51
0,1
1,2
1,4
1,7
1,8
2,5
5,3
5,6
8 #edges tree 52
0,1
1,2
1,4
1,7
1,8
2,5
2,6
8,3
8 #edges tree 53
0,1
1,2
1,3
1,4
1,6
1,8
2,5
5,7
8 #edges tree 54
0,1
1,2
1,3
1,4
1,6
2,5
2,8
5,7
8 #edges tree 55
0,1
1,2
1,3
1,4
1,6
2,5
2,7
5,8
8 #edges tree 56
0,1
1,2
1,4
1,7
1,8
2,5
5,3
8,6
8 #edges tree 57
0,1
1,2
1,4
1,7
1,8
2,5
5,6
8,3
8 #edges tree 58
0,1
1,2
1,3
1,4
1,6
1,8
2,5
8,7
8 #edges tree 59
0,1
1,2
1,3
1,4
1,6
2,5
2,8
8,7
8 #edges tree 60
0,1
1,2
1,4
1,7
1,8
2,3
2,5
8,6
8 #edges tree 61
0,1
1,2
1,3
1,4
1,6
2,5
5,7
5,8
8 #edges tree 62
0,1
1,2
1,4
1,7
1,8
2,5
8,3
8,6
8 #edges tree 63
0,1
1,2
1,4
1,7
2,3
2,5
2,6
2,8
8 #edges tree 64
0,1
1,2
1,4
1,8
2,3
2,5
2,6
2,7
8 #edges tree 65
0,1
1,2
1,3
1,4
1,6
2,5
5,8
8,7
8 #edges tree 66
0,1
1,2
1,3
1,4
1,7
1,8
2,5
2,6
8 #edges tree 67
0,1
1,2
1,4
1,7
2,3
2,5
2,6
5,8
8 #edges tree 68
0,1
1,2
1,4
1,8
2,3
2,5
2,7
5,6
8 #edges tree 69
0,1
1,2
1,4
1,8
2,5
2,6
2,7
5,3
8 #edges tree 70
0,1
1,2
1,3
1,4
1,8
2,5
2,6
2,7
8 #edges tree 71
0,1
1,2
1,3
1,4
1,7
1,8
2,5
5,6
8 #edges tree 72
0,1
1,2
1,3
1,4
1,7
2,5
2,6
2,8
8 #edges tree 73
0,1
1,2
1,4
1,8
2,3
2,5
2,7
8,6
8 #edges tree 74
0,1
1,2
1,4
1,8
2,5
2,6
2,7
8,3
8 #edges tree 75
0,1
1,2
1,3
1,4
1,8
2,5
2,6
5,7
8 #edges tree 76
0,1
1,2
1,3
1,4
1,7
1,8
2,5
8,6
8 #edges tree 77
0,1
1,2
1,3
1,4
1,7
2,5
2,6
5,8
8 #edges tree 78
0,1
1,2
1,3
1,4
1,7
2,5
2,8
5,6
8 #edges tree 79
0,1
1,2
1,3
1,4
1,8
2,5
2,7
5,6
8 #edges tree 80
0,1
1,2
1,3
1,4
1,8
2,5
2,6
8,7
8 #edges tree 81
0,1
1,2
1,3
1,4
2,5
2,6
2,7
2,8
8 #edges tree 82
0,1
1,2
1,4
1,8
2,5
2,6
5,3
5,7
8 #edges tree 83
0,1
1,2
1,3
1,4
1,7
2,5
2,8
8,6
8 #edges tree 84
0,1
1,2
1,3
1,4
1,8
2,5
2,7
8,6
8 #edges tree 85
0,1
1,2
1,3
1,4
1,8
2,5
5,6
5,7
8 #edges tree 86
0,1
1,2
1,4
1,8
2,5
2,6
5,3
8,7
8 #edges tree 87
0,1
1,2
1,4
1,8
2,5
2,6
5,7
8,3
8 #edges tree 88
0,1
1,2
1,3
1,4
2,5
2,6
2,8
5,7
8 #edges tree 89
0,1
1,2
1,3
1,4
1,8
2,5
5,6
8,7
8 #edges tree 90
0,1
1,2
1,3
1,4
1,8
2,5
5,7
8,6
8 #edges tree 91
0,1
1,2
1,3
1,4
2,5
2,7
2,8
5,6
8 #edges tree 92
0,1
1,2
1,4
1,8
2,5
2,6
8,3
8,7
8 #edges tree 93
0,1
1,2
1,3
1,4
2,5
2,6
2,8
8,7
8 #edges tree 94
0,1
1,2
1,3
1,4
2,5
2,6
5,7
5,8
8 #edges tree 95
0,1
1,2
1,3
1,4
1,8
2,5
8,6
8,7
8 #edges tree 96
0,1
1,2
1,3
1,4
2,5
2,7
2,8
8,6
8 #edges tree 97
0,1
1,2
1,3
1,4
2,5
2,7
5,6
5,8
8 #edges tree 98
0,1
1,2
1,3
1,4
2,5
2,8
5,6
5,7
8 #edges tree 99
0,1
1,2
1,3
1,4
2,5
2,6
5,8
8,7
