7 #edges tree 0
3,4
7,1
7,3
7,2
7,5
7,6
0,7
7 #edges tree 1
0,7
7,1
7,2
7,3
7,4
7,5
7,6
7 #edges tree 2
0,7
7,2
7,3
7,4
7,5
7,6
3,1
7 #edges tree 3
0,7
7,1
7,2
7,3
7,4
7,6
2,5
7 #edges tree 4
0,7
7,1
7,2
7,3
7,4
7,5
2,6
7 #edges tree 5
0,7
7,2
7,3
7,4
7,5
2,6
3,1
7 #edges tree 6
0,7
7,1
7,2
7,3
7,4
2,5
2,6
7 #edges tree 7
0,7
7,1
7,2
7,3
7,4
7,5
3,6
7 #edges tree 8
0,7
7,2
7,3
7,4
7,5
3,1
3,6
7 #edges tree 9
0,7
7,1
7,2
7,3
7,4
2,5
3,6
7 #edges tree 10
0,7
7,1
7,2
7,3
7,4
7,5
4,6
7 #edges tree 11
0,7
7,2
7,3
7,4
7,5
3,1
4,6
7 #edges tree 12
0,7
7,1
7,2
7,3
7,4
2,5
4,6
7 #edges tree 13
0,7
7,2
7,3
7,4
7,6
2,5
3,1
7 #edges tree 14
0,7
7,2
7,3
7,5
7,6
3,1
3,4
7 #edges tree 15
0,7
7,1
7,2
7,3
7,6
2,5
3,4
7 #edges tree 16
0,7
7,1
7,2
7,3
7,5
2,6
3,4
7 #edges tree 17
0,7
7,2
7,3
7,5
2,6
3,1
3,4
7 #edges tree 18
0,7
7,1
7,2
7,3
2,5
2,6
3,4
7 #edges tree 19
0,7
7,1
7,2
7,3
7,5
3,4
3,6
7 #edges tree 20
0,7
7,2
7,3
7,5
3,1
3,4
3,6
7 #edges tree 21
0,7
7,1
7,2
7,3
2,5
3,4
3,6
7 #edges tree 22
0,7
7,1
7,2
7,3
7,5
3,4
4,6
7 #edges tree 23
0,7
7,2
7,3
7,5
3,1
3,4
4,6
7 #edges tree 24
0,7
7,1
7,2
7,3
2,5
3,4
4,6
7 #edges tree 25
0,7
7,2
7,3
7,4
2,5
2,6
3,1
7 #edges tree 26
0,7
7,2
7,3
7,6
2,5
3,1
3,4
7 #edges tree 27
0,7
7,2
7,3
7,4
2,5
3,1
3,6
7 #edges tree 28
0,7
7,2
7,3
2,5
2,6
3,1
3,4
7 #edges tree 29
0,7
7,2
7,3
7,4
2,5
3,1
4,6
7 #edges tree 30
0,7
7,2
7,3
2,5
3,1
3,4
3,6
7 #edges tree 31
0,7
7,2
7,3
2,5
3,1
3,4
4,6
