7 #edges tree 0
3,4
3,5
3,6
4,2
4,1
7,3
0,7
7 #edges tree 1
0,7
7,1
7,2
7,3
7,4
7,5
7,6
7 #edges tree 2
0,7
7,2
7,3
7,4
7,5
7,6
3,1
7 #edges tree 3
0,7
7,1
7,2
7,3
7,5
7,6
3,4
7 #edges tree 4
0,7
7,1
7,2
7,3
7,4
7,5
3,6
7 #edges tree 5
0,7
7,2
7,3
7,4
7,6
3,1
3,5
7 #edges tree 6
0,7
7,2
7,3
7,4
7,5
7,6
4,1
7 #edges tree 7
0,7
7,1
7,2
7,3
7,5
3,4
3,6
7 #edges tree 8
0,7
7,1
7,2
7,3
7,4
7,5
4,6
7 #edges tree 9
0,7
7,2
7,3
7,4
7,6
3,1
4,5
7 #edges tree 10
0,7
7,2
7,3
7,4
7,6
3,5
4,1
7 #edges tree 11
0,7
7,1
7,2
7,3
7,5
3,4
4,6
7 #edges tree 12
0,7
7,2
7,3
7,4
3,1
3,5
3,6
7 #edges tree 13
0,7
7,1
7,2
7,3
7,6
3,4
3,5
7 #edges tree 14
0,7
7,2
7,3
7,4
7,6
4,1
4,5
7 #edges tree 15
0,7
7,2
7,3
7,4
7,5
3,1
3,6
7 #edges tree 16
0,7
7,2
7,3
7,4
3,1
3,5
4,6
7 #edges tree 17
0,7
7,1
7,2
7,3
7,6
3,4
4,5
7 #edges tree 18
0,7
7,1
7,2
7,3
3,4
3,5
3,6
7 #edges tree 19
0,7
7,2
7,3
7,4
7,5
3,1
4,6
7 #edges tree 20
0,7
7,2
7,3
7,4
7,5
3,6
4,1
7 #edges tree 21
0,7
7,2
7,3
7,4
3,1
3,6
4,5
7 #edges tree 22
0,7
7,1
7,2
7,3
3,4
3,5
4,6
7 #edges tree 23
0,7
7,1
7,2
7,3
3,4
3,6
4,5
7 #edges tree 24
0,7
7,2
7,3
7,4
7,5
4,1
4,6
7 #edges tree 25
0,7
7,2
7,3
7,4
3,1
4,5
4,6
7 #edges tree 26
0,7
7,2
7,3
7,4
3,5
3,6
4,1
7 #edges tree 27
0,7
7,2
7,3
7,5
7,6
3,1
3,4
7 #edges tree 28
0,7
7,1
7,2
7,3
3,4
4,5
4,6
7 #edges tree 29
0,7
7,2
7,3
7,4
3,6
4,1
4,5
7 #edges tree 30
0,7
7,2
7,3
7,6
3,1
3,4
3,5
7 #edges tree 31
0,7
7,2
7,3
7,5
7,6
3,4
4,1
7 #edges tree 32
0,7
7,2
7,3
7,5
3,1
3,4
3,6
7 #edges tree 33
0,7
7,2
7,3
7,4
4,1
4,5
4,6
7 #edges tree 34
0,7
7,2
7,3
7,6
3,1
3,4
4,5
7 #edges tree 35
0,7
7,2
7,3
7,6
3,4
3,5
4,1
7 #edges tree 36
0,7
7,2
7,3
7,5
3,1
3,4
4,6
7 #edges tree 37
0,7
7,2
7,3
7,5
3,4
3,6
4,1
7 #edges tree 38
0,7
7,2
7,3
3,1
3,4
3,5
3,6
7 #edges tree 39
0,7
7,2
7,3
7,4
3,5
4,1
4,6
7 #edges tree 40
0,7
7,2
7,3
7,6
3,4
4,1
4,5
7 #edges tree 41
0,7
7,2
7,3
3,4
3,5
3,6
4,1
7 #edges tree 42
0,7
7,2
7,3
3,1
3,4
3,5
4,6
7 #edges tree 43
0,7
7,2
7,3
7,5
3,4
4,1
4,6
7 #edges tree 44
0,7
7,2
7,3
3,4
3,6
4,1
4,5
7 #edges tree 45
0,7
7,2
7,3
3,1
3,4
3,6
4,5
7 #edges tree 46
0,7
7,2
7,3
3,4
3,5
4,1
4,6
7 #edges tree 47
0,7
7,2
7,3
3,4
4,1
4,5
4,6
7 #edges tree 48
0,7
7,2
7,3
3,1
3,4
4,5
4,6
7 #edges tree 49
0,7
7,3
7,4
7,5
7,6
3,1
3,2
7 #edges tree 50
0,7
7,1
7,3
7,4
7,5
7,6
3,2
7 #edges tree 51
0,7
7,3
7,5
7,6
3,1
3,2
3,4
7 #edges tree 52
0,7
7,3
7,4
7,5
7,6
3,2
4,1
7 #edges tree 53
0,7
7,1
7,3
7,5
7,6
3,2
3,4
7 #edges tree 54
0,7
7,1
7,3
7,4
7,5
7,6
4,2
7 #edges tree 55
0,7
7,3
7,5
7,6
3,1
3,4
4,2
7 #edges tree 56
0,7
7,3
7,4
7,5
7,6
4,1
4,2
7 #edges tree 57
0,7
7,1
7,3
7,5
3,2
3,4
3,6
7 #edges tree 58
0,7
7,1
7,3
7,5
7,6
3,4
4,2
7 #edges tree 59
0,7
7,1
7,3
7,6
3,2
3,4
3,5
7 #edges tree 60
0,7
7,3
7,5
7,6
3,2
3,4
4,1
7 #edges tree 61
0,7
7,1
7,3
7,5
3,2
3,4
4,6
7 #edges tree 62
0,7
7,1
7,3
7,5
3,4
3,6
4,2
7 #edges tree 63
0,7
7,1
7,3
7,6
3,2
3,4
4,5
7 #edges tree 64
0,7
7,3
7,5
7,6
3,4
4,1
4,2
7 #edges tree 65
0,7
7,1
7,3
7,6
3,4
3,5
4,2
7 #edges tree 66
0,7
7,1
7,3
7,5
3,4
4,2
4,6
7 #edges tree 67
0,7
7,1
7,3
3,2
3,4
3,5
3,6
7 #edges tree 68
0,7
7,3
7,5
3,1
3,2
3,4
3,6
7 #edges tree 69
0,7
7,1
7,3
7,6
3,4
4,2
4,5
7 #edges tree 70
0,7
7,3
7,6
3,1
3,2
3,4
3,5
7 #edges tree 71
0,7
7,1
7,3
3,2
3,4
3,5
4,6
7 #edges tree 72
0,7
7,3
7,5
3,1
3,2
3,4
4,6
7 #edges tree 73
0,7
7,3
7,5
3,1
3,4
3,6
4,2
7 #edges tree 74
0,7
7,3
7,6
3,1
3,4
3,5
4,2
7 #edges tree 75
0,7
7,3
7,6
3,2
3,4
3,5
4,1
7 #edges tree 76
0,7
7,3
7,6
3,1
3,2
3,4
4,5
7 #edges tree 77
0,7
7,3
7,5
3,1
3,4
4,2
4,6
7 #edges tree 78
0,7
7,3
7,6
3,1
3,4
4,2
4,5
7 #edges tree 79
0,7
7,3
7,6
3,4
3,5
4,1
4,2
7 #edges tree 80
0,7
7,3
7,6
3,2
3,4
4,1
4,5
7 #edges tree 81
0,7
7,3
3,1
3,2
3,4
3,5
3,6
7 #edges tree 82
0,7
7,3
7,5
3,2
3,4
3,6
4,1
7 #edges tree 83
0,7
7,3
7,6
3,4
4,1
4,2
4,5
7 #edges tree 84
0,7
7,1
7,3
3,2
3,4
3,6
4,5
7 #edges tree 85
0,7
7,3
3,1
3,2
3,4
3,5
4,6
7 #edges tree 86
0,7
7,3
7,5
3,4
3,6
4,1
4,2
7 #edges tree 87
0,7
7,3
7,5
3,2
3,4
4,1
4,6
7 #edges tree 88
0,7
7,1
7,3
3,2
3,4
4,5
4,6
7 #edges tree 89
0,7
7,3
3,1
3,2
3,4
3,6
4,5
7 #edges tree 90
0,7
7,3
7,5
3,4
4,1
4,2
4,6
7 #edges tree 91
0,7
7,3
3,1
3,4
3,5
3,6
4,2
7 #edges tree 92
0,7
7,3
3,2
3,4
3,5
3,6
4,1
7 #edges tree 93
0,7
7,3
3,1
3,2
3,4
4,5
4,6
7 #edges tree 94
0,7
7,1
7,3
3,4
3,5
3,6
4,2
7 #edges tree 95
0,7
7,3
3,1
3,4
3,5
4,2
4,6
7 #edges tree 96
0,7
7,3
3,2
3,4
3,5
4,1
4,6
7 #edges tree 97
0,7
7,3
3,2
3,4
3,6
4,1
4,5
7 #edges tree 98
0,7
7,1
7,3
3,4
3,5
4,2
4,6
7 #edges tree 99
0,7
7,1
7,3
3,4
3,6
4,2
4,5
