7 #edges tree 0
3,4
3,5
3,1
3,2
5,6
6,7
0,3
7 #edges tree 1
0,3
3,1
3,2
3,4
3,5
3,6
3,7
7 #edges tree 2
0,3
3,1
3,2
3,5
3,6
3,7
1,4
7 #edges tree 3
0,3
3,1
3,2
3,4
3,5
3,7
5,6
7 #edges tree 4
0,3
3,1
3,2
3,5
3,7
1,4
5,6
7 #edges tree 5
0,3
3,1
3,2
3,5
3,6
3,7
5,4
7 #edges tree 6
0,3
3,1
3,2
3,4
3,5
2,7
5,6
7 #edges tree 7
0,3
3,1
3,2
3,5
3,7
5,4
5,6
7 #edges tree 8
0,3
3,1
3,2
3,5
1,4
2,7
5,6
7 #edges tree 9
0,3
3,1
3,2
3,4
3,5
5,6
5,7
7 #edges tree 10
0,3
3,1
3,2
3,5
3,6
1,4
2,7
7 #edges tree 11
0,3
3,1
3,2
3,5
1,4
5,6
5,7
7 #edges tree 12
0,3
3,1
3,2
3,5
3,6
1,4
5,7
7 #edges tree 13
0,3
3,1
3,2
3,5
1,4
5,6
6,7
7 #edges tree 14
0,3
3,1
3,2
3,5
3,6
2,7
5,4
7 #edges tree 15
0,3
3,1
3,2
3,5
3,6
1,4
6,7
7 #edges tree 16
0,3
3,1
3,2
3,5
2,7
5,4
5,6
7 #edges tree 17
0,3
3,1
3,2
3,4
3,5
3,6
2,7
7 #edges tree 18
0,3
3,1
3,2
3,5
3,6
5,4
5,7
7 #edges tree 19
0,3
3,1
3,2
3,5
5,4
5,6
5,7
7 #edges tree 20
0,3
3,1
3,2
3,4
3,5
3,6
5,7
7 #edges tree 21
0,3
3,1
3,2
3,5
3,6
5,4
6,7
7 #edges tree 22
0,3
3,1
3,2
3,5
5,4
5,6
6,7
7 #edges tree 23
0,3
3,1
3,2
3,4
3,5
3,6
6,7
