8 #edges tree 0
4,5
4,6
6,1
6,7
6,8
8,2
8,3
0,4
8 #edges tree 1
0,4
4,1
4,2
4,3
4,5
4,6
4,7
4,8
8 #edges tree 2
0,4
4,2
4,3
4,5
4,6
4,7
4,8
6,1
8 #edges tree 3
0,4
4,1
4,2
4,5
4,6
4,7
4,8
6,3
8 #edges tree 4
0,4
4,1
4,2
4,3
4,5
4,6
4,7
6,8
8 #edges tree 5
0,4
4,2
4,5
4,6
4,7
4,8
6,1
6,3
8 #edges tree 6
0,4
4,2
4,3
4,5
4,6
4,7
6,1
6,8
8 #edges tree 7
0,4
4,1
4,2
4,5
4,6
4,7
4,8
8,3
8 #edges tree 8
0,4
4,1
4,2
4,5
4,6
4,7
6,3
6,8
8 #edges tree 9
0,4
4,2
4,5
4,6
4,7
6,1
6,3
6,8
8 #edges tree 10
0,4
4,2
4,5
4,6
4,7
4,8
6,1
8,3
8 #edges tree 11
0,4
4,2
4,5
4,6
4,8
6,1
6,3
6,7
8 #edges tree 12
0,4
4,1
4,2
4,5
4,6
4,7
6,8
8,3
8 #edges tree 13
0,4
4,2
4,5
4,6
4,7
6,1
6,8
8,3
8 #edges tree 14
0,4
4,2
4,6
4,7
4,8
6,1
6,3
6,5
8 #edges tree 15
0,4
4,2
4,5
4,6
4,8
6,1
6,7
8,3
8 #edges tree 16
0,4
4,2
4,5
4,6
6,1
6,3
6,7
6,8
8 #edges tree 17
0,4
4,1
4,2
4,5
4,6
4,8
6,3
6,7
8 #edges tree 18
0,4
4,2
4,6
4,7
4,8
6,1
6,3
7,5
8 #edges tree 19
0,4
4,2
4,6
4,7
4,8
6,1
6,5
8,3
8 #edges tree 20
0,4
4,2
4,5
4,6
6,1
6,7
6,8
8,3
8 #edges tree 21
0,4
4,1
4,2
4,5
4,6
4,8
6,7
8,3
8 #edges tree 22
0,4
4,2
4,6
4,7
4,8
6,1
6,3
8,5
8 #edges tree 23
0,4
4,2
4,6
4,7
4,8
6,1
7,5
8,3
8 #edges tree 24
0,4
4,1
4,2
4,5
4,6
6,3
6,7
6,8
8 #edges tree 25
0,4
4,2
4,6
4,7
6,1
6,3
6,5
6,8
8 #edges tree 26
0,4
4,2
4,6
4,8
6,1
6,3
6,5
6,7
8 #edges tree 27
0,4
4,2
4,6
4,7
4,8
6,1
8,3
8,5
8 #edges tree 28
0,4
4,1
4,2
4,5
4,6
6,7
6,8
8,3
8 #edges tree 29
0,4
4,2
4,6
4,7
6,1
6,3
6,8
7,5
8 #edges tree 30
0,4
4,2
4,6
4,8
6,1
6,3
6,7
7,5
8 #edges tree 31
0,4
4,2
4,6
4,8
6,1
6,5
6,7
8,3
8 #edges tree 32
0,4
4,2
4,6
6,1
6,3
6,5
6,7
6,8
8 #edges tree 33
0,4
4,2
4,6
4,7
6,1
6,3
6,8
8,5
8 #edges tree 34
0,4
4,2
4,6
4,8
6,1
6,3
6,7
8,5
8 #edges tree 35
0,4
4,2
4,6
4,8
6,1
6,7
7,5
8,3
8 #edges tree 36
0,4
4,2
4,6
6,1
6,3
6,7
6,8
7,5
8 #edges tree 37
0,4
4,2
4,6
6,1
6,5
6,7
6,8
8,3
8 #edges tree 38
0,4
4,2
4,6
4,7
6,1
6,5
6,8
8,3
8 #edges tree 39
0,4
4,2
4,6
4,8
6,1
6,7
8,3
8,5
8 #edges tree 40
0,4
4,2
4,6
6,1
6,3
6,7
6,8
8,5
8 #edges tree 41
0,4
4,2
4,6
6,1
6,7
6,8
7,5
8,3
8 #edges tree 42
0,4
4,2
4,6
4,7
6,1
6,8
7,5
8,3
8 #edges tree 43
0,4
4,1
4,2
4,6
4,7
4,8
6,3
6,5
8 #edges tree 44
0,4
4,2
4,3
4,5
4,6
4,8
6,1
6,7
8 #edges tree 45
0,4
4,2
4,6
6,1
6,7
6,8
8,3
8,5
8 #edges tree 46
0,4
4,2
4,6
4,7
6,1
6,8
8,3
8,5
8 #edges tree 47
0,4
4,1
4,2
4,6
4,7
4,8
6,3
7,5
8 #edges tree 48
0,4
4,2
4,3
4,5
4,6
6,1
6,7
6,8
8 #edges tree 49
0,4
4,1
4,2
4,6
4,7
4,8
6,5
8,3
8 #edges tree 50
0,4
4,1
4,2
4,6
4,7
6,3
6,5
6,8
8 #edges tree 51
0,4
4,1
4,2
4,6
4,7
4,8
6,3
8,5
8 #edges tree 52
0,4
4,1
4,2
4,6
4,8
6,3
6,5
6,7
8 #edges tree 53
0,4
4,1
4,2
4,6
4,7
4,8
7,5
8,3
8 #edges tree 54
0,4
4,1
4,2
4,6
4,7
6,3
6,8
7,5
8 #edges tree 55
0,4
4,1
4,2
4,6
4,7
6,5
6,8
8,3
8 #edges tree 56
0,4
4,1
4,2
4,6
4,8
6,3
6,7
7,5
8 #edges tree 57
0,4
4,1
4,2
4,6
4,7
4,8
8,3
8,5
8 #edges tree 58
0,4
4,1
4,2
4,6
4,7
6,3
6,8
8,5
8 #edges tree 59
0,4
4,1
4,2
4,6
4,7
6,8
7,5
8,3
8 #edges tree 60
0,4
4,1
4,2
4,6
4,8
6,3
6,7
8,5
8 #edges tree 61
0,4
4,1
4,2
4,6
4,8
6,5
6,7
8,3
8 #edges tree 62
0,4
4,1
4,2
4,6
6,3
6,5
6,7
6,8
8 #edges tree 63
0,4
4,1
4,2
4,6
4,7
6,8
8,3
8,5
8 #edges tree 64
0,4
4,2
4,3
4,6
4,7
4,8
6,1
6,5
8 #edges tree 65
0,4
4,1
4,2
4,6
4,8
6,7
7,5
8,3
8 #edges tree 66
0,4
4,1
4,2
4,6
6,3
6,7
6,8
7,5
8 #edges tree 67
0,4
4,1
4,2
4,6
6,5
6,7
6,8
8,3
8 #edges tree 68
0,4
4,2
4,3
4,6
4,7
4,8
6,1
7,5
8 #edges tree 69
0,4
4,1
4,2
4,6
4,8
6,7
8,3
8,5
8 #edges tree 70
0,4
4,1
4,2
4,6
6,3
6,7
6,8
8,5
8 #edges tree 71
0,4
4,1
4,2
4,6
6,7
6,8
7,5
8,3
8 #edges tree 72
0,4
4,2
4,3
4,6
4,7
4,8
6,1
8,5
8 #edges tree 73
0,4
4,2
4,3
4,6
4,7
6,1
6,5
6,8
8 #edges tree 74
0,4
4,2
4,3
4,6
4,8
6,1
6,5
6,7
8 #edges tree 75
0,4
4,3
4,5
4,6
4,7
4,8
5,2
6,1
8 #edges tree 76
0,4
4,1
4,2
4,6
6,7
6,8
8,3
8,5
8 #edges tree 77
0,4
4,2
4,3
4,6
6,1
6,5
6,7
6,8
8 #edges tree 78
0,4
4,2
4,3
4,6
4,8
6,1
6,7
7,5
8 #edges tree 79
0,4
4,3
4,5
4,6
4,7
4,8
6,1
6,2
8 #edges tree 80
0,4
4,3
4,5
4,6
4,7
5,2
6,1
6,8
8 #edges tree 81
0,4
4,2
4,3
4,6
6,1
6,7
6,8
7,5
8 #edges tree 82
0,4
4,2
4,3
4,6
4,8
6,1
6,7
8,5
8 #edges tree 83
0,4
4,3
4,5
4,6
4,7
4,8
6,1
7,2
8 #edges tree 84
0,4
4,3
4,5
4,6
4,7
6,1
6,2
6,8
8 #edges tree 85
0,4
4,2
4,3
4,6
6,1
6,7
6,8
8,5
8 #edges tree 86
0,4
4,3
4,5
4,6
4,8
5,2
6,1
6,7
8 #edges tree 87
0,4
4,3
4,5
4,6
4,7
4,8
6,1
8,2
8 #edges tree 88
0,4
4,3
4,5
4,6
4,7
6,1
6,8
7,2
8 #edges tree 89
0,4
4,3
4,6
4,7
4,8
5,2
6,1
6,5
8 #edges tree 90
0,4
4,3
4,5
4,6
4,8
6,1
6,2
6,7
8 #edges tree 91
0,4
4,3
4,5
4,6
5,2
6,1
6,7
6,8
8 #edges tree 92
0,4
4,3
4,5
4,6
4,7
6,1
6,8
8,2
8 #edges tree 93
0,4
4,3
4,6
4,7
4,8
5,2
6,1
7,5
8 #edges tree 94
0,4
4,3
4,5
4,6
4,8
6,1
6,7
7,2
8 #edges tree 95
0,4
4,3
4,5
4,6
6,1
6,2
6,7
6,8
8 #edges tree 96
0,4
4,3
4,6
4,7
4,8
6,1
6,2
6,5
8 #edges tree 97
0,4
4,3
4,6
4,7
4,8
5,2
6,1
8,5
8 #edges tree 98
0,4
4,3
4,5
4,6
4,8
6,1
6,7
8,2
8 #edges tree 99
0,4
4,3
4,5
4,6
6,1
6,7
6,8
7,2
