6 #edges tree 0
2,1
2,3
2,4
2,5
3,6
0,2
6 #edges tree 1
0,2
2,1
2,3
2,4
2,5
2,6
6 #edges tree 2
0,2
2,1
2,3
2,5
2,6
1,4
6 #edges tree 3
0,2
2,1
2,3
2,4
2,6
3,5
6 #edges tree 4
0,2
2,1
2,3
2,6
1,4
3,5
6 #edges tree 5
0,2
2,1
2,3
2,5
2,6
3,4
6 #edges tree 6
0,2
2,1
2,3
2,4
2,6
6,5
6 #edges tree 7
0,2
2,1
2,3
2,6
3,4
3,5
6 #edges tree 8
0,2
2,1
2,3
2,6
1,4
6,5
6 #edges tree 9
0,2
2,1
2,3
1,4
3,5
3,6
6 #edges tree 10
0,2
2,1
2,3
2,6
3,5
5,4
6 #edges tree 11
0,2
2,1
2,3
2,5
2,6
5,4
6 #edges tree 12
0,2
2,1
2,3
3,4
3,5
3,6
6 #edges tree 13
0,2
2,1
2,3
1,4
3,6
6,5
6 #edges tree 14
0,2
2,1
2,3
2,6
3,5
6,4
6 #edges tree 15
0,2
2,1
2,3
2,5
2,6
6,4
6 #edges tree 16
0,2
2,1
2,3
3,4
3,6
6,5
6 #edges tree 17
0,2
2,1
2,3
3,5
3,6
5,4
6 #edges tree 18
0,2
2,1
2,3
2,6
3,4
6,5
6 #edges tree 19
0,2
2,1
2,3
2,6
5,4
6,5
6 #edges tree 20
0,2
2,1
2,3
3,6
5,4
6,5
6 #edges tree 21
0,2
2,1
2,3
3,5
3,6
6,4
6 #edges tree 22
0,2
2,1
2,3
2,6
6,4
6,5
6 #edges tree 23
0,2
2,1
2,3
3,6
6,4
6,5
6 #edges tree 24
0,2
2,1
2,3
2,4
3,5
3,6
6 #edges tree 25
0,2
2,1
2,3
2,5
1,4
3,6
6 #edges tree 26
0,2
2,1
2,3
2,4
3,6
6,5
6 #edges tree 27
0,2
2,1
2,3
2,5
3,4
3,6
6 #edges tree 28
0,2
2,1
2,3
2,5
3,6
5,4
6 #edges tree 29
0,2
2,1
2,3
2,5
3,6
6,4
