10 #edges tree 0
2,3
4,6
5,2
5,7
8,4
8,5
8,10
8,1
8,9
0,8
10 #edges tree 1
0,8
8,1
8,2
8,3
8,4
8,5
8,6
8,7
8,9
8,10
10 #edges tree 2
0,8
8,1
8,3
8,4
8,5
8,6
8,7
8,9
8,10
5,2
10 #edges tree 3
0,8
8,1
8,2
8,3
8,4
8,5
8,7
8,9
8,10
4,6
10 #edges tree 4
0,8
8,1
8,2
8,3
8,4
8,5
8,6
8,7
8,9
1,10
10 #edges tree 5
0,8
8,1
8,3
8,4
8,5
8,7
8,9
8,10
4,6
5,2
10 #edges tree 6
0,8
8,1
8,3
8,4
8,5
8,6
8,7
8,9
1,10
5,2
10 #edges tree 7
0,8
8,1
8,2
8,3
8,4
8,5
8,7
8,9
1,10
4,6
10 #edges tree 8
0,8
8,1
8,2
8,3
8,4
8,5
8,6
8,7
8,9
9,10
10 #edges tree 9
0,8
8,1
8,3
8,4
8,5
8,7
8,9
1,10
4,6
5,2
10 #edges tree 10
0,8
8,1
8,3
8,4
8,5
8,6
8,7
8,9
9,10
5,2
10 #edges tree 11
0,8
8,1
8,2
8,3
8,4
8,5
8,7
8,9
9,10
4,6
10 #edges tree 12
0,8
8,1
8,2
8,3
8,4
8,5
8,6
8,7
8,9
2,10
10 #edges tree 13
0,8
8,1
8,3
8,4
8,5
8,7
8,9
9,10
4,6
5,2
10 #edges tree 14
0,8
8,1
8,3
8,4
8,5
8,6
8,7
8,9
2,10
5,2
10 #edges tree 15
0,8
8,1
8,2
8,3
8,4
8,5
8,7
8,9
2,10
4,6
10 #edges tree 16
0,8
8,1
8,2
8,3
8,4
8,5
8,6
8,7
8,9
4,10
10 #edges tree 17
0,8
8,1
8,3
8,4
8,5
8,7
8,9
2,10
4,6
5,2
10 #edges tree 18
0,8
8,1
8,3
8,4
8,5
8,6
8,7
8,9
4,10
5,2
10 #edges tree 19
0,8
8,1
8,2
8,3
8,4
8,5
8,7
8,9
4,6
4,10
10 #edges tree 20
0,8
8,1
8,2
8,3
8,4
8,5
8,6
8,7
8,9
6,10
10 #edges tree 21
0,8
8,1
8,3
8,4
8,5
8,7
8,9
4,6
4,10
5,2
10 #edges tree 22
0,8
8,1
8,3
8,4
8,5
8,6
8,7
8,9
6,10
5,2
10 #edges tree 23
0,8
8,1
8,2
8,3
8,4
8,5
8,7
8,9
4,6
6,10
10 #edges tree 24
0,8
8,1
8,2
8,3
8,4
8,5
8,6
8,7
8,9
5,10
10 #edges tree 25
0,8
8,1
8,3
8,4
8,5
8,7
8,9
4,6
6,10
5,2
10 #edges tree 26
0,8
8,1
8,3
8,4
8,5
8,6
8,7
8,9
5,2
5,10
10 #edges tree 27
0,8
8,1
8,2
8,3
8,4
8,5
8,7
8,9
4,6
5,10
10 #edges tree 28
0,8
8,1
8,3
8,4
8,5
8,7
8,10
1,9
4,6
5,2
10 #edges tree 29
0,8
8,1
8,3
8,4
8,5
8,7
8,9
4,6
5,2
5,10
10 #edges tree 30
0,8
8,1
8,3
8,4
8,5
8,9
8,10
1,7
4,6
5,2
10 #edges tree 31
0,8
8,1
8,2
8,3
8,4
8,5
8,7
8,10
1,9
4,6
10 #edges tree 32
0,8
8,1
8,3
8,4
8,5
8,7
8,10
2,9
4,6
5,2
10 #edges tree 33
0,8
8,1
8,3
8,4
8,5
8,7
1,9
1,10
4,6
5,2
10 #edges tree 34
0,8
8,1
8,3
8,4
8,5
8,9
8,10
9,7
4,6
5,2
10 #edges tree 35
0,8
8,1
8,2
8,3
8,4
8,5
8,7
8,10
2,9
4,6
10 #edges tree 36
0,8
8,1
8,3
8,4
8,5
8,7
8,10
4,6
5,2
5,9
10 #edges tree 37
0,8
8,1
8,3
8,4
8,5
8,7
1,10
2,9
4,6
5,2
10 #edges tree 38
0,8
8,1
8,3
8,4
8,5
8,7
1,9
9,10
4,6
5,2
10 #edges tree 39
0,8
8,1
8,3
8,4
8,5
8,9
8,10
2,7
4,6
5,2
10 #edges tree 40
0,8
8,1
8,2
8,3
8,4
8,5
8,7
8,10
4,6
5,9
10 #edges tree 41
0,8
8,1
8,3
8,4
8,5
8,7
9,10
2,9
4,6
5,2
10 #edges tree 42
0,8
8,1
8,3
8,4
8,5
8,7
1,10
4,6
5,2
5,9
10 #edges tree 43
0,8
8,1
8,3
8,4
8,5
8,7
1,9
2,10
4,6
5,2
10 #edges tree 44
0,8
8,1
8,3
8,4
8,5
8,9
8,10
4,6
4,7
5,2
10 #edges tree 45
0,8
8,1
8,3
8,4
8,5
8,7
2,9
2,10
4,6
5,2
10 #edges tree 46
0,8
8,1
8,3
8,4
8,5
8,7
9,10
4,6
5,2
5,9
10 #edges tree 47
0,8
8,1
8,3
8,4
8,5
8,7
1,9
4,6
4,10
5,2
10 #edges tree 48
0,8
8,1
8,3
8,4
8,5
8,9
8,10
4,6
6,7
5,2
10 #edges tree 49
0,8
8,1
8,3
8,4
8,5
8,7
2,10
4,6
5,2
5,9
10 #edges tree 50
0,8
8,1
8,3
8,4
8,5
8,7
2,9
4,6
4,10
5,2
10 #edges tree 51
0,8
8,1
8,3
8,4
8,5
8,7
1,9
4,6
6,10
5,2
10 #edges tree 52
0,8
8,1
8,3
8,4
8,5
8,9
8,10
4,6
5,2
5,7
10 #edges tree 53
0,8
8,1
8,3
8,4
8,5
8,7
4,6
4,10
5,2
5,9
10 #edges tree 54
0,8
8,1
8,3
8,4
8,5
8,7
2,9
4,6
6,10
5,2
10 #edges tree 55
0,8
8,1
8,3
8,4
8,5
8,7
1,9
4,6
5,2
5,10
10 #edges tree 56
0,8
8,1
8,2
8,3
8,4
8,5
8,7
1,9
1,10
4,6
10 #edges tree 57
0,8
8,1
8,3
8,4
8,5
8,7
4,6
6,10
5,2
5,9
10 #edges tree 58
0,8
8,1
8,3
8,4
8,5
8,7
2,9
4,6
5,2
5,10
10 #edges tree 59
0,8
8,1
8,3
8,4
8,5
8,9
1,7
1,10
4,6
5,2
10 #edges tree 60
0,8
8,1
8,2
8,3
8,4
8,5
8,7
1,9
9,10
4,6
10 #edges tree 61
0,8
8,1
8,3
8,4
8,5
8,7
4,6
5,2
5,9
5,10
10 #edges tree 62
0,8
8,1
8,2
8,3
8,4
8,5
8,7
1,10
2,9
4,6
10 #edges tree 63
0,8
8,1
8,3
8,4
8,5
8,9
1,7
9,10
4,6
5,2
10 #edges tree 64
0,8
8,1
8,2
8,3
8,4
8,5
8,7
1,9
2,10
4,6
10 #edges tree 65
0,8
8,1
8,3
8,4
8,5
8,9
1,10
9,7
4,6
5,2
10 #edges tree 66
0,8
8,1
8,2
8,3
8,4
8,5
8,7
1,10
4,6
5,9
10 #edges tree 67
0,8
8,1
8,3
8,4
8,5
8,9
1,7
2,10
4,6
5,2
10 #edges tree 68
0,8
8,1
8,2
8,3
8,4
8,5
8,7
1,9
4,6
4,10
10 #edges tree 69
0,8
8,1
8,3
8,4
8,5
8,9
1,10
2,7
4,6
5,2
10 #edges tree 70
0,8
8,1
8,3
8,4
8,5
8,9
9,7
9,10
4,6
5,2
10 #edges tree 71
0,8
8,1
8,3
8,4
8,5
8,9
1,7
4,6
4,10
5,2
10 #edges tree 72
0,8
8,1
8,2
8,3
8,4
8,5
8,7
1,9
4,6
6,10
10 #edges tree 73
0,8
8,1
8,3
8,4
8,5
8,9
1,10
4,6
4,7
5,2
10 #edges tree 74
0,8
8,1
8,3
8,4
8,5
8,9
9,7
2,10
4,6
5,2
10 #edges tree 75
0,8
8,1
8,3
8,4
8,5
8,9
1,7
4,6
6,10
5,2
10 #edges tree 76
0,8
8,1
8,2
8,3
8,4
8,5
8,7
1,9
4,6
5,10
10 #edges tree 77
0,8
8,1
8,3
8,4
8,5
8,9
1,10
4,6
6,7
5,2
10 #edges tree 78
0,8
8,1
8,3
8,4
8,5
8,9
9,7
4,6
4,10
5,2
10 #edges tree 79
0,8
8,1
8,3
8,4
8,5
8,9
1,7
4,6
5,2
5,10
10 #edges tree 80
0,8
8,1
8,3
8,4
8,5
8,9
9,10
2,7
4,6
5,2
10 #edges tree 81
0,8
8,1
8,3
8,4
8,5
8,9
1,10
4,6
5,2
5,7
10 #edges tree 82
0,8
8,1
8,3
8,4
8,5
8,9
9,7
4,6
6,10
5,2
10 #edges tree 83
0,8
8,1
8,2
8,3
8,4
8,5
8,7
9,10
2,9
4,6
10 #edges tree 84
0,8
8,1
8,3
8,4
8,5
8,9
9,10
4,6
4,7
5,2
10 #edges tree 85
0,8
8,1
8,3
8,4
8,5
8,9
2,7
2,10
4,6
5,2
10 #edges tree 86
0,8
8,1
8,3
8,4
8,5
8,9
9,7
4,6
5,2
5,10
10 #edges tree 87
0,8
8,1
8,2
8,3
8,4
8,5
8,7
9,10
4,6
5,9
10 #edges tree 88
0,8
8,1
8,3
8,4
8,5
8,9
9,10
4,6
6,7
5,2
10 #edges tree 89
0,8
8,1
8,3
8,4
8,5
8,9
2,7
4,6
4,10
5,2
10 #edges tree 90
0,8
8,1
8,3
8,4
8,5
8,9
2,10
4,6
4,7
5,2
10 #edges tree 91
0,8
8,1
8,2
8,3
8,4
8,5
8,7
2,9
2,10
4,6
10 #edges tree 92
0,8
8,1
8,3
8,4
8,5
8,9
9,10
4,6
5,2
5,7
10 #edges tree 93
0,8
8,1
8,3
8,4
8,5
8,9
2,7
4,6
6,10
5,2
10 #edges tree 94
0,8
8,1
8,3
8,4
8,5
8,9
2,10
4,6
6,7
5,2
10 #edges tree 95
0,8
8,1
8,2
8,3
8,4
8,5
8,7
2,9
4,6
4,10
10 #edges tree 96
0,8
8,1
8,2
8,3
8,4
8,5
8,7
2,10
4,6
5,9
10 #edges tree 97
0,8
8,1
8,3
8,4
8,5
8,9
2,7
4,6
5,2
5,10
10 #edges tree 98
0,8
8,1
8,3
8,4
8,5
8,9
2,10
4,6
5,2
5,7
10 #edges tree 99
0,8
8,1
8,2
8,3
8,4
8,5
8,7
2,9
4,6
6,10
