6 #edges tree 0
1,2
1,3
3,5
3,4
3,6
0,1
6 #edges tree 1
0,1
1,2
1,3
1,4
1,5
1,6
6 #edges tree 2
0,1
1,3
1,4
1,5
1,6
3,2
6 #edges tree 3
0,1
1,2
1,3
1,4
1,6
3,5
6 #edges tree 4
0,1
1,2
1,3
1,4
1,5
2,6
6 #edges tree 5
0,1
1,3
1,4
1,5
2,6
3,2
6 #edges tree 6
0,1
1,2
1,3
1,4
2,6
3,5
6 #edges tree 7
0,1
1,2
1,3
1,4
1,5
3,6
6 #edges tree 8
0,1
1,3
1,4
1,5
3,2
3,6
6 #edges tree 9
0,1
1,2
1,3
1,4
3,5
3,6
6 #edges tree 10
0,1
1,2
1,3
1,4
1,5
4,6
6 #edges tree 11
0,1
1,3
1,4
1,5
3,2
4,6
6 #edges tree 12
0,1
1,2
1,3
1,4
3,5
4,6
6 #edges tree 13
0,1
1,3
1,4
1,6
3,2
3,5
6 #edges tree 14
0,1
1,2
1,3
1,5
1,6
3,4
6 #edges tree 15
0,1
1,3
1,5
1,6
3,2
3,4
6 #edges tree 16
0,1
1,2
1,3
1,6
3,4
3,5
6 #edges tree 17
0,1
1,2
1,3
1,5
2,6
3,4
6 #edges tree 18
0,1
1,3
1,5
2,6
3,2
3,4
6 #edges tree 19
0,1
1,2
1,3
2,6
3,4
3,5
6 #edges tree 20
0,1
1,2
1,3
1,5
3,4
3,6
6 #edges tree 21
0,1
1,3
1,5
3,2
3,4
3,6
6 #edges tree 22
0,1
1,2
1,3
1,5
3,4
4,6
6 #edges tree 23
0,1
1,3
1,5
3,2
3,4
4,6
6 #edges tree 24
0,1
1,2
1,3
3,4
3,5
4,6
6 #edges tree 25
0,1
1,3
1,4
2,6
3,2
3,5
6 #edges tree 26
0,1
1,3
1,6
3,2
3,4
3,5
6 #edges tree 27
0,1
1,3
1,4
3,2
3,5
3,6
6 #edges tree 28
0,1
1,3
2,6
3,2
3,4
3,5
6 #edges tree 29
0,1
1,3
1,4
3,2
3,5
4,6
6 #edges tree 30
0,1
1,3
3,2
3,4
3,5
3,6
6 #edges tree 31
0,1
1,3
3,2
3,4
3,5
4,6
