9 #edges tree 0
3,6
3,7
3,8
4,5
7,1
9,3
9,4
9,2
0,9
9 #edges tree 1
0,9
9,1
9,2
9,3
9,4
9,5
9,6
9,7
9,8
9 #edges tree 2
0,9
9,2
9,3
9,4
9,5
9,6
9,7
9,8
3,1
9 #edges tree 3
0,9
9,1
9,2
9,3
9,4
9,6
9,7
9,8
3,5
9 #edges tree 4
0,9
9,1
9,2
9,3
9,4
9,5
9,6
9,7
3,8
9 #edges tree 5
0,9
9,2
9,3
9,4
9,6
9,7
9,8
3,1
3,5
9 #edges tree 6
0,9
9,2
9,3
9,4
9,5
9,6
9,7
9,8
7,1
9 #edges tree 7
0,9
9,1
9,2
9,3
9,4
9,6
9,7
9,8
7,5
9 #edges tree 8
0,9
9,1
9,2
9,3
9,4
9,5
9,6
9,7
7,8
9 #edges tree 9
0,9
9,2
9,3
9,4
9,6
9,8
3,1
3,5
3,7
9 #edges tree 10
0,9
9,2
9,3
9,4
9,6
9,7
9,8
3,1
7,5
9 #edges tree 11
0,9
9,2
9,3
9,4
9,6
9,7
9,8
3,5
7,1
9 #edges tree 12
0,9
9,1
9,2
9,3
9,4
9,6
9,7
9,8
4,5
9 #edges tree 13
0,9
9,2
9,3
9,4
9,6
9,7
3,1
3,5
3,8
9 #edges tree 14
0,9
9,2
9,3
9,4
9,6
9,8
3,1
3,7
7,5
9 #edges tree 15
0,9
9,2
9,3
9,4
9,6
9,7
9,8
3,1
4,5
9 #edges tree 16
0,9
9,2
9,3
9,4
9,6
9,7
9,8
7,1
7,5
9 #edges tree 17
0,9
9,2
9,3
9,4
9,6
9,8
3,5
3,7
7,1
9 #edges tree 18
0,9
9,2
9,3
9,4
9,6
9,7
3,1
3,5
7,8
9 #edges tree 19
0,9
9,2
9,3
9,4
9,6
9,8
3,1
3,7
4,5
9 #edges tree 20
0,9
9,2
9,3
9,4
9,6
9,7
3,1
3,8
7,5
9 #edges tree 21
0,9
9,2
9,3
9,4
9,6
9,7
9,8
7,1
4,5
9 #edges tree 22
0,9
9,2
9,3
9,4
9,6
9,8
3,7
7,1
7,5
9 #edges tree 23
0,9
9,2
9,3
9,4
9,6
9,7
3,5
3,8
7,1
9 #edges tree 24
0,9
9,2
9,3
9,4
9,6
3,1
3,5
3,7
3,8
9 #edges tree 25
0,9
9,2
9,3
9,4
9,6
9,7
3,1
3,8
4,5
9 #edges tree 26
0,9
9,2
9,3
9,4
9,6
9,7
3,1
7,5
7,8
9 #edges tree 27
0,9
9,2
9,3
9,4
9,6
9,8
3,7
7,1
4,5
9 #edges tree 28
0,9
9,2
9,3
9,4
9,6
9,7
3,5
7,1
7,8
9 #edges tree 29
0,9
9,2
9,3
9,4
9,6
3,1
3,5
3,7
7,8
9 #edges tree 30
0,9
9,2
9,3
9,4
9,6
3,1
3,7
3,8
7,5
9 #edges tree 31
0,9
9,2
9,3
9,4
9,6
9,7
3,1
7,8
4,5
9 #edges tree 32
0,9
9,2
9,3
9,4
9,6
3,5
3,7
3,8
7,1
9 #edges tree 33
0,9
9,2
9,3
9,4
9,7
9,8
3,1
3,5
3,6
9 #edges tree 34
0,9
9,2
9,3
9,4
9,6
3,1
3,7
7,5
7,8
9 #edges tree 35
0,9
9,2
9,3
9,4
9,6
9,7
3,8
7,1
7,5
9 #edges tree 36
0,9
9,2
9,3
9,4
9,6
3,7
3,8
7,1
7,5
9 #edges tree 37
0,9
9,2
9,3
9,4
9,6
3,5
3,7
7,1
7,8
9 #edges tree 38
0,9
9,2
9,3
9,4
9,7
9,8
3,1
3,6
7,5
9 #edges tree 39
0,9
9,2
9,3
9,4
9,6
3,1
3,7
7,8
4,5
9 #edges tree 40
0,9
9,2
9,3
9,4
9,6
9,7
3,8
7,1
4,5
9 #edges tree 41
0,9
9,2
9,3
9,4
9,6
3,7
3,8
7,1
4,5
9 #edges tree 42
0,9
9,2
9,3
9,4
9,6
3,7
7,1
7,5
7,8
9 #edges tree 43
0,9
9,2
9,3
9,4
9,7
9,8
3,1
3,6
4,5
9 #edges tree 44
0,9
9,2
9,3
9,4
9,6
9,7
7,1
7,5
7,8
9 #edges tree 45
0,9
9,2
9,3
9,4
9,7
9,8
3,5
3,6
7,1
9 #edges tree 46
0,9
9,2
9,3
9,4
9,7
3,1
3,5
3,6
3,8
9 #edges tree 47
0,9
9,2
9,3
9,4
9,6
3,7
7,1
7,8
4,5
9 #edges tree 48
0,9
9,2
9,3
9,4
9,8
3,1
3,5
3,6
3,7
9 #edges tree 49
0,9
9,2
9,3
9,4
9,6
9,7
7,1
7,8
4,5
9 #edges tree 50
0,9
9,2
9,3
9,4
9,7
9,8
3,6
7,1
7,5
9 #edges tree 51
0,9
9,2
9,3
9,4
9,7
3,1
3,5
3,6
7,8
9 #edges tree 52
0,9
9,2
9,3
9,4
9,7
3,1
3,6
3,8
7,5
9 #edges tree 53
0,9
9,2
9,3
9,4
9,8
3,1
3,6
3,7
7,5
9 #edges tree 54
0,9
9,2
9,3
9,4
9,8
3,5
3,6
3,7
7,1
9 #edges tree 55
0,9
9,2
9,3
9,4
9,7
9,8
3,6
7,1
4,5
9 #edges tree 56
0,9
9,2
9,3
9,4
3,1
3,5
3,6
3,7
3,8
9 #edges tree 57
0,9
9,2
9,3
9,4
9,7
3,1
3,6
3,8
4,5
9 #edges tree 58
0,9
9,2
9,3
9,4
9,8
3,1
3,6
3,7
4,5
9 #edges tree 59
0,9
9,2
9,3
9,4
9,8
3,6
3,7
7,1
7,5
9 #edges tree 60
0,9
9,2
9,3
9,4
9,7
3,1
3,6
7,5
7,8
9 #edges tree 61
0,9
9,2
9,3
9,4
3,1
3,5
3,6
3,7
7,8
9 #edges tree 62
0,9
9,2
9,3
9,4
3,1
3,6
3,7
3,8
7,5
9 #edges tree 63
0,9
9,2
9,3
9,4
3,5
3,6
3,7
3,8
7,1
9 #edges tree 64
0,9
9,2
9,3
9,4
9,8
3,6
3,7
7,1
4,5
9 #edges tree 65
0,9
9,2
9,3
9,4
9,7
3,1
3,6
7,8
4,5
9 #edges tree 66
0,9
9,2
9,3
9,4
9,7
3,5
3,6
3,8
7,1
9 #edges tree 67
0,9
9,2
9,3
9,4
3,1
3,6
3,7
3,8
4,5
9 #edges tree 68
0,9
9,2
9,3
9,4
3,5
3,6
3,7
7,1
7,8
9 #edges tree 69
0,9
9,2
9,3
9,4
3,6
3,7
3,8
7,1
7,5
9 #edges tree 70
0,9
9,2
9,3
9,4
3,1
3,6
3,7
7,5
7,8
9 #edges tree 71
0,9
9,2
9,3
9,4
9,7
3,5
3,6
7,1
7,8
9 #edges tree 72
0,9
9,2
9,3
9,4
9,6
3,1
3,7
3,8
4,5
9 #edges tree 73
0,9
9,2
9,3
9,4
3,6
3,7
7,1
7,5
7,8
9 #edges tree 74
0,9
9,2
9,3
9,4
9,7
3,6
3,8
7,1
7,5
9 #edges tree 75
0,9
9,2
9,3
9,4
3,1
3,6
3,7
7,8
4,5
9 #edges tree 76
0,9
9,2
9,3
9,4
3,6
3,7
7,1
7,8
4,5
9 #edges tree 77
0,9
9,1
9,2
9,3
9,4
9,6
9,7
3,5
3,8
9 #edges tree 78
0,9
9,2
9,3
9,4
9,7
3,6
3,8
7,1
4,5
9 #edges tree 79
0,9
9,2
9,3
9,4
9,7
3,6
7,1
7,5
7,8
9 #edges tree 80
0,9
9,1
9,2
9,3
9,4
9,6
9,8
3,5
3,7
9 #edges tree 81
0,9
9,1
9,2
9,3
9,4
9,6
9,7
3,5
7,8
9 #edges tree 82
0,9
9,1
9,2
9,3
9,4
9,6
9,7
3,8
7,5
9 #edges tree 83
0,9
9,2
9,3
9,4
9,7
3,6
7,1
7,8
4,5
9 #edges tree 84
0,9
9,1
9,2
9,3
9,4
9,6
9,8
3,7
7,5
9 #edges tree 85
0,9
9,1
9,2
9,3
9,4
9,6
3,5
3,7
3,8
9 #edges tree 86
0,9
9,1
9,2
9,3
9,4
9,6
9,7
3,8
4,5
9 #edges tree 87
0,9
9,1
9,2
9,3
9,4
9,6
9,7
7,5
7,8
9 #edges tree 88
0,9
9,1
9,2
9,3
9,4
9,6
9,8
3,7
4,5
9 #edges tree 89
0,9
9,1
9,2
9,3
9,4
9,6
3,5
3,7
7,8
9 #edges tree 90
0,9
9,1
9,2
9,3
9,4
9,6
3,7
3,8
7,5
9 #edges tree 91
0,9
9,1
9,2
9,3
9,4
9,6
9,7
7,8
4,5
9 #edges tree 92
0,9
9,1
9,2
9,3
9,4
9,7
9,8
3,5
3,6
9 #edges tree 93
0,9
9,2
9,3
9,4
9,5
9,6
9,7
3,1
3,8
9 #edges tree 94
0,9
9,1
9,2
9,3
9,4
9,6
3,7
3,8
4,5
9 #edges tree 95
0,9
9,1
9,2
9,3
9,4
9,6
3,7
7,5
7,8
9 #edges tree 96
0,9
9,1
9,2
9,3
9,4
9,7
9,8
3,6
7,5
9 #edges tree 97
0,9
9,2
9,3
9,4
9,5
9,6
9,7
3,1
7,8
9 #edges tree 98
0,9
9,2
9,3
9,4
9,5
9,6
9,7
3,8
7,1
9 #edges tree 99
0,9
9,1
9,2
9,3
9,4
9,6
3,7
7,8
4,5
